	Lun1	Lun2	Lun3-A	Plu1-A	Di1-A	Per1-A	Per3-A	Per2-A	Per4-A	Per5-A	Liv1-A	L1	L2	L3	L4	Ld1-A	Ld2-A	Ov1-A	Ov2-A	P2	P3	P4	P5	P6	P7	P8-A	P1	Pan1-A	Sp1-A	SB1-A	SB2-A	St1-A	St2-A	N1
Lun1	0	0.414019354528971	0.559690651634606	0.277728634612038	0.612712763074154	0.282814072701586	0.290766460571036	0.390451612951816	0.311501435987067	0.261805906930149	0.297764421670435	0.283289561875383	0.304722139116688	0.315975278341452	0.364528840680978	0.51158186410684	0.512350465603187	0.39674677989147	0.472883756906414	0.337454740689309	0.305776471257253	0.29587384614252	0.34636752567855	0.313111514220585	0.325463314729111	0.276843920943	0.290561918365183	0.285004107010585	0.24870284951582	0.235300364757849	0.292808888958858	0.30870775369463	0.247433282463143	1.0471975511966
Lun2	0.414019354528971	0	0.612378714176934	0.485691873322283	0.75325876562612	0.522105332419956	0.406394776560627	0.501339633704747	0.437699732896433	0.404776751718542	0.445694530053706	0.373368955977896	0.284607279225352	0.314711002294805	0.261387792168625	0.441634224597977	0.44031831506337	0.497061498697028	0.656699739387703	0.384615643569633	0.193366925398976	0.361464154148158	0.289341219948169	0.240377024436995	0.342686387196112	0.408873534700067	0.340246418633004	0.411609666372752	0.488274525210417	0.421204316486371	0.417275892649646	0.453397856368114	0.402868702285203	1.0471975511966
Lun3-A	0.559690651634606	0.612378714176934	0	0.550168586587377	0.580300076351287	0.584477766764475	0.677017741547528	0.563906291597986	0.55050046911586	0.59978425358074	0.590947181611985	0.527382121686957	0.578656166796639	0.59276354446179	0.574856098803729	0.638452237742283	0.5728643363177	0.674962743227545	0.591976814486007	0.505738753493537	0.598096629774611	0.600508666586377	0.45136090358042	0.617429871796804	0.484999704895085	0.68798267926289	0.548737883511355	0.68169487642007	0.558909833441222	0.649433305757804	0.614547916784501	0.652477853791232	0.658666809868778	1.0471975511966
Plu1-A	0.277728634612038	0.485691873322283	0.550168586587377	0	0.483901193177358	0.113119922642947	0.247146634722467	0.277049553051635	0.194128392398795	0.221080524425067	0.185667716341072	0.348088008799827	0.392758169558179	0.371132719594297	0.452078164189356	0.564028974690026	0.532942917222782	0.268485800336388	0.295262187377436	0.368059796096269	0.423084109500628	0.37995227161219	0.412236624185281	0.420703382479819	0.333189870865811	0.253175469483651	0.329542079725169	0.254352851119354	0.227317975953998	0.19888333836257	0.218238590550343	0.251597514583481	0.229979837339678	1.0471975511966
Di1-A	0.612712763074154	0.75325876562612	0.580300076351287	0.483901193177358	0	0.471516253754351	0.5723573490408	0.371934168057725	0.479141835547876	0.529496282593389	0.456837364026254	0.652142778854444	0.748313116622006	0.747205199444243	0.73120838205187	0.787657592331231	0.734170979613411	0.451572593135233	0.363739341537843	0.657517640027315	0.771838548552272	0.706655618985123	0.671990198185739	0.758370094904243	0.641715910167193	0.570898013090542	0.70117038666663	0.579152823375143	0.482284533073703	0.56215625183132	0.496245796398123	0.509995087326613	0.560507507115236	1.0471975511966
Per1-A	0.282814072701586	0.522105332419956	0.584477766764475	0.113119922642947	0.471516253754351	0	0.265409255926583	0.289382943598056	0.221666356031418	0.244876251262174	0.214973770215901	0.363117564212743	0.41244216647889	0.415325926109145	0.485360041364556	0.591921762694091	0.564500134223294	0.262967148008658	0.26956878519105	0.406332930462862	0.45798490080874	0.405173259173601	0.43760611262323	0.454529335946636	0.363965553231117	0.240954862526558	0.354526666732755	0.259927260988158	0.235864866255216	0.190577643052496	0.240632578343763	0.270478574582327	0.215150811715797	1.0471975511966
Per3-A	0.290766460571036	0.406394776560627	0.677017741547528	0.247146634722467	0.5723573490408	0.265409255926583	0	0.323044951686901	0.237453412353591	0.11612416482966	0.1782141434073	0.399736327696279	0.405262606334007	0.334030505379471	0.440488521322225	0.560241633575308	0.554063086300061	0.188977208572686	0.416152612398877	0.432076916963488	0.377949025998107	0.365823869457301	0.44966080842353	0.360212534137811	0.39607029990685	0.11351584910564	0.374515568201469	0.111925094157011	0.267433970774235	0.132528970518577	0.140194347235297	0.107964696862269	0.13613384456482	1.0471975511966
Per2-A	0.390451612951816	0.501339633704747	0.563906291597986	0.277049553051635	0.371934168057725	0.289382943598056	0.323044951686901	0	0.190162723098037	0.283289240148322	0.227119208506974	0.424585326601628	0.515187552915371	0.461662000498182	0.514201820168492	0.573878746455715	0.524808256957566	0.276606635901259	0.229986830846812	0.373119324060185	0.504411379470401	0.47482372273431	0.47204375291862	0.506836864792341	0.413861460090264	0.338678163799302	0.441027789594237	0.310026437128001	0.220941662067225	0.319630016258866	0.249639283048615	0.307236975732686	0.323510824040552	1.0471975511966
Per4-A	0.311501435987067	0.437699732896433	0.55050046911586	0.194128392398795	0.479141835547876	0.221666356031418	0.237453412353591	0.190162723098037	0	0.19278524852338	0.182133761274556	0.364158654918418	0.409861888058155	0.344320235997036	0.45837721334005	0.489474139849326	0.448062702645459	0.250035064905073	0.277122034010851	0.320332728666786	0.410036674696322	0.369266810063814	0.380131952452788	0.397968896320779	0.312382052867225	0.257356739461203	0.338539400675045	0.248325768910254	0.178326926745704	0.220073764073882	0.184715120215221	0.253397576787598	0.231544817749599	1.0471975511966
Per5-A	0.261805906930149	0.404776751718542	0.59978425358074	0.221080524425067	0.529496282593389	0.244876251262174	0.11612416482966	0.283289240148322	0.19278524852338	0	0.162350229721558	0.377295571631288	0.382421750229415	0.299784952976711	0.43873143577576	0.554731052821318	0.532173189298147	0.196325141637108	0.370896008847689	0.386642857435431	0.377302430819013	0.345399528129421	0.403561517580914	0.383114791892555	0.3884316958246	0.179019519847187	0.348501972603165	0.166206151011344	0.205551872768625	0.175708063597011	0.137310141492637	0.136067326688294	0.183875441265204	1.0471975511966
Liv1-A	0.297764421670435	0.445694530053706	0.590947181611985	0.185667716341072	0.456837364026254	0.214973770215901	0.1782141434073	0.227119208506974	0.182133761274556	0.162350229721558	0	0.344492065567753	0.410454783038721	0.369059096931473	0.420649511172775	0.505393077003289	0.48791764059293	0.216439985182052	0.316877300351816	0.360464352178835	0.420026373216267	0.367869122246671	0.426611362294387	0.413231915724569	0.36972626865498	0.203096633826946	0.386360921195494	0.202710968933341	0.20981553023975	0.200369186040047	0.196738875126337	0.19209010233688	0.214689827446138	1.0471975511966
L1	0.283289561875383	0.373368955977896	0.527382121686957	0.348088008799827	0.652142778854444	0.363117564212743	0.399736327696279	0.424585326601628	0.364158654918418	0.377295571631288	0.344492065567753	0	0.244995377473349	0.294503595261079	0.305623621468604	0.42944570469085	0.44822210348533	0.482399758192088	0.518855014983127	0.254620104870311	0.292933767360399	0.224274384604884	0.294114516905111	0.319760860134985	0.304017217184596	0.376626482617573	0.217792932324279	0.389169393425112	0.367095939244705	0.36380896478267	0.419530731751487	0.432220688070587	0.361405227261061	1.0471975511966
L2	0.304722139116688	0.284607279225352	0.578656166796639	0.392758169558179	0.748313116622006	0.41244216647889	0.405262606334007	0.515187552915371	0.409861888058155	0.382421750229415	0.410454783038721	0.244995377473349	0	0.254423550034282	0.262217825094231	0.441733950295635	0.450204442716992	0.505600355561901	0.608217217986601	0.318798739052111	0.203222118539147	0.247453747243476	0.217275980130893	0.281854382593557	0.317737272737422	0.384084733158436	0.212202332094977	0.415720503120333	0.435375138910906	0.374939344590804	0.429204830263983	0.459035621558321	0.368064614807752	1.0471975511966
L3	0.315975278341452	0.314711002294805	0.59276354446179	0.371132719594297	0.747205199444243	0.415325926109145	0.334030505379471	0.461662000498182	0.344320235997036	0.299784952976711	0.369059096931473	0.294503595261079	0.254423550034282	0	0.349899710533742	0.474721865019956	0.476360402406415	0.454039484785228	0.564129329799676	0.290308856146984	0.226885786517847	0.207583085513208	0.322824325630115	0.291212981312734	0.364044551713159	0.361787598512588	0.204911023608124	0.350875524095952	0.356336095331579	0.351883006377621	0.373192379619013	0.385938659443677	0.355024993988059	1.0471975511966
L4	0.364528840680978	0.261387792168625	0.574856098803729	0.452078164189356	0.73120838205187	0.485360041364556	0.440488521322225	0.514201820168492	0.45837721334005	0.43873143577576	0.420649511172775	0.305623621468604	0.262217825094231	0.349899710533742	0	0.352267849041251	0.379811843576212	0.54138518519543	0.63676113905774	0.313111244920583	0.205079109892592	0.350533510096988	0.312315675678898	0.273838419746833	0.310236192236518	0.41920107399977	0.365618737049667	0.435452765319098	0.46503141258053	0.424035026361512	0.471274295710579	0.493763260595552	0.42366601473354	1.0471975511966
Ld1-A	0.51158186410684	0.441634224597977	0.638452237742283	0.564028974690026	0.787657592331231	0.591921762694091	0.560241633575308	0.573878746455715	0.489474139849326	0.554731052821318	0.505393077003289	0.42944570469085	0.441733950295635	0.474721865019956	0.352267849041251	0	0.150392698466741	0.656357653030227	0.667844374608129	0.350336107120283	0.418305717122641	0.456717748575502	0.398057695370069	0.403871749653833	0.349287633174121	0.547231598451956	0.512154645048948	0.565885112362809	0.534717438556985	0.542335002295921	0.583460459284737	0.622616224597089	0.549153293352129	1.0471975511966
Ld2-A	0.512350465603187	0.44031831506337	0.5728643363177	0.532942917222782	0.734170979613411	0.564500134223294	0.554063086300061	0.524808256957566	0.448062702645459	0.532173189298147	0.48791764059293	0.44822210348533	0.450204442716992	0.476360402406415	0.379811843576212	0.150392698466741	0	0.631738302661144	0.607143644584342	0.330127027041667	0.437526230634824	0.497003404299032	0.381614291966428	0.438895447709581	0.332557291168463	0.547714556255922	0.51023752851041	0.55265427621489	0.511747363224173	0.533771507972346	0.552294491150505	0.609678735024562	0.543914820957616	1.0471975511966
Ov1-A	0.39674677989147	0.497061498697028	0.674962743227545	0.268485800336388	0.451572593135233	0.262967148008658	0.188977208572686	0.276606635901259	0.250035064905073	0.196325141637108	0.216439985182052	0.482399758192088	0.505600355561901	0.454039484785228	0.54138518519543	0.656357653030227	0.631738302661144	0	0.337333900367542	0.515796359606652	0.49881889652681	0.470732196306912	0.521035534115927	0.482226461153481	0.47040555873922	0.203016547186019	0.45793907241399	0.208460435303588	0.304566979607922	0.22487644807965	0.165045522058258	0.155823345919557	0.214447934423821	1.0471975511966
Ov2-A	0.472883756906414	0.656699739387703	0.591976814486007	0.295262187377436	0.363739341537843	0.26956878519105	0.416152612398877	0.229986830846812	0.277122034010851	0.370896008847689	0.316877300351816	0.518855014983127	0.608217217986601	0.564129329799676	0.63676113905774	0.667844374608129	0.607143644584342	0.337333900367542	0	0.473615095117599	0.636556723524241	0.584375092967526	0.571762013457048	0.633851930228492	0.489066318455906	0.424651528958394	0.533737069392712	0.400969681128242	0.294044521956686	0.390500395511262	0.358983734209313	0.40307123162842	0.41042505636364	1.0471975511966
P2	0.337454740689309	0.384615643569633	0.505738753493537	0.368059796096269	0.657517640027315	0.406332930462862	0.432076916963488	0.373119324060185	0.320332728666786	0.386642857435431	0.360464352178835	0.254620104870311	0.318798739052111	0.290308856146984	0.313111244920583	0.350336107120283	0.330127027041667	0.515796359606652	0.473615095117599	0	0.321837813163335	0.319772577668778	0.29483237880731	0.376450366662543	0.288537806399151	0.439883015217217	0.298403027770751	0.425524476576981	0.315363120568108	0.411686735184788	0.430207970027252	0.480200100628616	0.424956323532401	1.0471975511966
P3	0.305776471257253	0.193366925398976	0.598096629774611	0.423084109500628	0.771838548552272	0.45798490080874	0.377949025998107	0.504411379470401	0.410036674696322	0.377302430819013	0.420026373216267	0.292933767360399	0.203222118539147	0.226885786517847	0.205079109892592	0.418305717122641	0.437526230634824	0.49881889652681	0.636556723524241	0.321837813163335	0	0.265717340047396	0.280434412280569	0.154445222780455	0.293503083030603	0.364232727834778	0.245446308185457	0.372573657416633	0.428683771083254	0.358441629790429	0.403125473174363	0.431347051714363	0.353226746096634	1.0471975511966
P4	0.29587384614252	0.361464154148158	0.600508666586377	0.37995227161219	0.706655618985123	0.405173259173601	0.365823869457301	0.47482372273431	0.369266810063814	0.345399528129421	0.367869122246671	0.224274384604884	0.247453747243476	0.207583085513208	0.350533510096988	0.456717748575502	0.497003404299032	0.470732196306912	0.584375092967526	0.319772577668778	0.265717340047396	0	0.303534758029772	0.282432716152601	0.365768430841948	0.364663206465046	0.204597510411025	0.396267371936915	0.360564849518193	0.357924244151206	0.407564453021003	0.400240565230852	0.347866881647581	1.0471975511966
P5	0.34636752567855	0.289341219948169	0.45136090358042	0.412236624185281	0.671990198185739	0.43760611262323	0.44966080842353	0.47204375291862	0.380131952452788	0.403561517580914	0.426611362294387	0.294114516905111	0.217275980130893	0.322824325630115	0.312315675678898	0.398057695370069	0.381614291966428	0.521035534115927	0.571762013457048	0.29483237880731	0.280434412280569	0.303534758029772	0	0.314200336380338	0.252441515882705	0.44395279113871	0.270061555843107	0.474874855324025	0.421494082489701	0.425083537938848	0.430365145245344	0.485360196589639	0.41778158780718	1.0471975511966
P6	0.313111514220585	0.240377024436995	0.617429871796804	0.420703382479819	0.758370094904243	0.454529335946636	0.360212534137811	0.506836864792341	0.397968896320779	0.383114791892555	0.413231915724569	0.319760860134985	0.281854382593557	0.291212981312734	0.273838419746833	0.403871749653833	0.438895447709581	0.482226461153481	0.633851930228492	0.376450366662543	0.154445222780455	0.282432716152601	0.314200336380338	0	0.251628264071981	0.347610943774079	0.285761618228451	0.362601131615403	0.433316215203087	0.334203943355022	0.386002871796017	0.406587985666457	0.324841061008573	1.0471975511966
P7	0.325463314729111	0.342686387196112	0.484999704895085	0.333189870865811	0.641715910167193	0.363965553231117	0.39607029990685	0.413861460090264	0.312382052867225	0.3884316958246	0.36972626865498	0.304017217184596	0.317737272737422	0.364044551713159	0.310236192236518	0.349287633174121	0.332557291168463	0.47040555873922	0.489066318455906	0.288537806399151	0.293503083030603	0.365768430841948	0.252441515882705	0.251628264071981	0	0.380552788702449	0.303273062252754	0.392271276190342	0.378239296798734	0.338354205044174	0.373591446593805	0.437570036726174	0.348197750399992	1.0471975511966
P8-A	0.276843920943	0.408873534700067	0.68798267926289	0.253175469483651	0.570898013090542	0.240954862526558	0.11351584910564	0.338678163799302	0.257356739461203	0.179019519847187	0.203096633826946	0.376626482617573	0.384084733158436	0.361787598512588	0.41920107399977	0.547231598451956	0.547714556255922	0.203016547186019	0.424651528958394	0.439883015217217	0.364232727834778	0.364663206465046	0.44395279113871	0.347610943774079	0.380552788702449	0	0.366410197550631	0.113276206152359	0.292944753595232	0.0952762477178806	0.171093738278016	0.166360579885516	0.0854052253244846	1.0471975511966
P1	0.290561918365183	0.340246418633004	0.548737883511355	0.329542079725169	0.70117038666663	0.354526666732755	0.374515568201469	0.441027789594237	0.338539400675045	0.348501972603165	0.386360921195494	0.217792932324279	0.212202332094977	0.204911023608124	0.365618737049667	0.512154645048948	0.51023752851041	0.45793907241399	0.533737069392712	0.298403027770751	0.245446308185457	0.204597510411025	0.270061555843107	0.285761618228451	0.303273062252754	0.366410197550631	0	0.376616313891604	0.366215369779702	0.336044248356949	0.373832066204248	0.407423463899622	0.329496020756845	1.0471975511966
Pan1-A	0.285004107010585	0.411609666372752	0.68169487642007	0.254352851119354	0.579152823375143	0.259927260988158	0.111925094157011	0.310026437128001	0.248325768910254	0.166206151011344	0.202710968933341	0.389169393425112	0.415720503120333	0.350875524095952	0.435452765319098	0.565885112362809	0.55265427621489	0.208460435303588	0.400969681128242	0.425524476576981	0.372573657416633	0.396267371936915	0.474874855324025	0.362601131615403	0.392271276190342	0.113276206152359	0.376616313891604	0	0.272462553878162	0.123621832181043	0.159575055296824	0.157729952827082	0.136026999202372	1.0471975511966
Sp1-A	0.24870284951582	0.488274525210417	0.558909833441222	0.227317975953998	0.482284533073703	0.235864866255216	0.267433970774235	0.220941662067225	0.178326926745704	0.205551872768625	0.20981553023975	0.367095939244705	0.435375138910906	0.356336095331579	0.46503141258053	0.534717438556985	0.511747363224173	0.304566979607922	0.294044521956686	0.315363120568108	0.428683771083254	0.360564849518193	0.421494082489701	0.433316215203087	0.378239296798734	0.292944753595232	0.366215369779702	0.272462553878162	0	0.249665176237492	0.244052711834163	0.269633312233845	0.269289103591764	1.0471975511966
SB1-A	0.235300364757849	0.421204316486371	0.649433305757804	0.19888333836257	0.56215625183132	0.190577643052496	0.132528970518577	0.319630016258866	0.220073764073882	0.175708063597011	0.200369186040047	0.36380896478267	0.374939344590804	0.351883006377621	0.424035026361512	0.542335002295921	0.533771507972346	0.22487644807965	0.390500395511262	0.411686735184788	0.358441629790429	0.357924244151206	0.425083537938848	0.334203943355022	0.338354205044174	0.0952762477178806	0.336044248356949	0.123621832181043	0.249665176237492	0	0.153344351641409	0.171123111729302	0.060061610047751	1.0471975511966
SB2-A	0.292808888958858	0.417275892649646	0.614547916784501	0.218238590550343	0.496245796398123	0.240632578343763	0.140194347235297	0.249639283048615	0.184715120215221	0.137310141492637	0.196738875126337	0.419530731751487	0.429204830263983	0.373192379619013	0.471274295710579	0.583460459284737	0.552294491150505	0.165045522058258	0.358983734209313	0.430207970027252	0.403125473174363	0.407564453021003	0.430365145245344	0.386002871796017	0.373591446593805	0.171093738278016	0.373832066204248	0.159575055296824	0.244052711834163	0.153344351641409	0	0.125091903748843	0.15453521875666	1.0471975511966
St1-A	0.30870775369463	0.453397856368114	0.652477853791232	0.251597514583481	0.509995087326613	0.270478574582327	0.107964696862269	0.307236975732686	0.253397576787598	0.136067326688294	0.19209010233688	0.432220688070587	0.459035621558321	0.385938659443677	0.493763260595552	0.622616224597089	0.609678735024562	0.155823345919557	0.40307123162842	0.480200100628616	0.431347051714363	0.400240565230852	0.485360196589639	0.406587985666457	0.437570036726174	0.166360579885516	0.407423463899622	0.157729952827082	0.269633312233845	0.171123111729302	0.125091903748843	0	0.167968721054961	1.0471975511966
St2-A	0.247433282463143	0.402868702285203	0.658666809868778	0.229979837339678	0.560507507115236	0.215150811715797	0.13613384456482	0.323510824040552	0.231544817749599	0.183875441265204	0.214689827446138	0.361405227261061	0.368064614807752	0.355024993988059	0.42366601473354	0.549153293352129	0.543914820957616	0.214447934423821	0.41042505636364	0.424956323532401	0.353226746096634	0.347866881647581	0.41778158780718	0.324841061008573	0.348197750399992	0.0854052253244846	0.329496020756845	0.136026999202372	0.269289103591764	0.060061610047751	0.15453521875666	0.167968721054961	0	1.0471975511966
N1	1.0471975511966	1.0471975511966	1.0471975511966	1.0471975511966	1.0471975511966	1.0471975511966	1.0471975511966	1.0471975511966	1.0471975511966	1.0471975511966	1.0471975511966	1.0471975511966	1.0471975511966	1.0471975511966	1.0471975511966	1.0471975511966	1.0471975511966	1.0471975511966	1.0471975511966	1.0471975511966	1.0471975511966	1.0471975511966	1.0471975511966	1.0471975511966	1.0471975511966	1.0471975511966	1.0471975511966	1.0471975511966	1.0471975511966	1.0471975511966	1.0471975511966	1.0471975511966	1.0471975511966	0
